
﻿determinant: >=0

points: x,y,z in order
================ORIGINAL=================
sub: [-1106905285376388, -8306036232831700, -1828957467223.15, 2389703182725460, 1.00086362507918e+17, -1.755393731911466e+16, -190440160372670.9, 595586475851207, 14517302038695.14, 3.497380895358642e+17, 4.166956486026939e+19, 1113609730070610, 3.737330762740227e+18, -47071122324192, -975176491283766.2, -1.079958024239603e+17, 0, 0, 0, 0, 0, 0, 0, 0, 0, 0, 0, 0, 0, 0, 0, 0;

 -4.470992956382676e+17, -9.304118516628858e+19, -1.212795289526473e+20, -2.337643861363583e+17, -1681115443380509, -5.980515586111869e+19, -1.396984240957589e+18, -8.952244365196964e+17, -1.591471353963651e+18, -21974273442289.25, 5.771986694748993e+17, 174.195893764912, 1.177414516094658e+18, -1.594604672093013e+20, -4.331409467336201e+20, -2.132250025178924e+20, 0, 0, 0, 0, 0, 0, 0, 0, 0, 0, 0, 0, 0, 0, 0, 0;

 1.718108186861712e+22, 6.436667390131513e+21, 1.392519550811856e+22, 1.893854197980804e+22, 1.118803375706386e+22, 6.269385685622039e+21, 4.980585059840893e+20, 2.064783991955089e+20, 1.536096579338428e+20, 1.506212923760783e+22, 1.538775750365155e+22, 3.790842538895204e+21, 4.229481883074702e+21, 1.143707290224637e+21, 4.279742053496868e+21, 1.830925218097515e+21, 0, 0, 0, 0, 0, 0, 0, 0, 0, 0, 0, 0, 0, 0, 0, 0]

main: [-195547.8449492519, 1705930150278556, 7.939479058707642e+16, 2.433721337072881e+16, 2.002439617685444e+16, 183124958472414.1, 1560480008223840, 8.304728224195951e+17, 3.983949166851791e+17, 3.542770339946283e+16, 6908687942275861, 3812640709877.674, 3073199975741885, 2.67266161490095e+17, 2.511793444786288e+17, 2106693552994156, 0, 0, 0, 0, 0, 0, 0, 0, 0, 0, 0, 0, 0, 0, 0, 0;

 -4.229579888681903e+16, -3.036134699225578e+19, -5.536906428902915e+18, 202681.5953283134, 1819574985365894, -1.683495028229352e+19, -3.204679925088301e+17, -3313070689838875, -372811955764394.1, 4.461480631994852e+16, 1.753554294559783e+20, 1.236556956293921e+16, 1.188186284110963e+20, -3.288492851508939e+19, -1.009250178484017e+20, -1.078773090347102e+20, 0, 0, 0, 0, 0, 0, 0, 0, 0, 0, 0, 0, 0, 0, 0, 0;

 2.054160727308424e+22, 1.048621981290903e+22, 2.159063973798182e+22, 2.465143016724558e+22, 1.287329875244383e+22, 9.827775532892573e+21, 4.180385478487466e+20, 3.930250109366456e+19, 1.137928927091877e+20, 1.565876611657252e+22, 2.528555620351816e+21, 4.033780213598842e+21, 3.187954663179898e+21, 2.231903211699248e+21, 9.242040660459298e+21, 3.298563069170059e+21, 0, 0, 0, 0, 0, 0, 0, 0, 0, 0, 0, 0, 0, 0, 0, 0]

================MEAN=================
avg_main: [6.00637274323788e+16;
 -1.731409242973901e+16;
 4.397614649163761e+21]

avg_secondary: [1.42889550917973e+18;
 -3.383637250181973e+19;
 3.76630120242259e+21]
=================SVD===================
input: 
[-2.432575421446529e+36, 7.764154519064844e+39, -7.762065001289634e+40;
 -9.800523632912916e+37, 7.66867660504064e+40, -4.493224799739251e+42;
 -3.165415484485046e+39, 2.157674716931144e+42, 1.215490063916587e+45]

u: [-6.384757630291254e-05, -0.09293056751706216, 0.9956725895315406;
 -0.003696487499129726, -0.9956657671599858, -0.09293016779219583;
 0.9999931659284756, -0.003686424646408418, -0.0002799458350729059]

s: [1.215500285830995e+45;
 8.503022469883878e+40;
 7.571745544243071e+36]

v: [-2.603891959762408e-06, 0.001774887286314686, 0.9999984248829299;
 0.001287490248034176, -0.9999975960657622, 0.001774889167746101;
 0.9999991711806969, 0.001287492841705942, 3.187356276873728e-07]

R [3 x 3] : 
[0.9955060801141047, -0.09469720630259916, -0.0002890922565268883;
 0.09469747040873856, 0.9954936737051804, 0.004973400360889503;
 -0.0001831776075109017, -0.004978426603515032, 0.9999875907802643]

T [1 x 3] :
[-3.477811873771919e+18;
 1.479994412471892e+19;
 6.311919934450135e+20]

================TRANSFORMED=================
sub: 
[-4.86561687624425e+18, 7.001744623865148e+18, 7.519228288184902e+18, -5.390406310491305e+18, -3.074514418147117e+18, 3.893539003746865e+18, 4.817979058491952e+16, 8.574058419506688e+16, 1.663787079893798e+17, -3.946112726484537e+18, 3.703922826043956e+19, -1.034730891017795e+18, 2.44639089828581e+18, 1.482984070693467e+19, 3.983909023664443e+19, 1.961505899896981e+19, 6.00637274323788e+16, 6.00637274323788e+16, 6.00637274323788e+16, 6.00637274323788e+16, 6.00637274323788e+16, 6.00637274323788e+16, 6.00637274323788e+16, 6.00637274323788e+16, 6.00637274323788e+16, 6.00637274323788e+16, 6.00637274323788e+16, 6.00637274323788e+16, 6.00637274323788e+16, 6.00637274323788e+16, 6.00637274323788e+16, 6.00637274323788e+16;

 8.498589533196629e+19, -6.062788795911691e+19, -5.149474572239825e+19, 9.39391527559787e+19, 5.563306141815889e+19, -2.837446568915738e+19, 1.069023252635053e+18, 1.184517900761222e+17, -8.376500542275043e+17, 7.492578233078779e+19, 8.103276463874472e+19, 1.883616901461141e+19, 2.254361710264274e+19, -1.530710906129225e+20, -4.099216080617927e+20, -2.031857579636192e+20, -1.731409242973901e+16, -1.731409242973901e+16, -1.731409242973901e+16, -1.731409242973901e+16, -1.731409242973901e+16, -1.731409242973901e+16, -1.731409242973901e+16, -1.731409242973901e+16, -1.731409242973901e+16, -1.731409242973901e+16, -1.731409242973901e+16, -1.731409242973901e+16, -1.731409242973901e+16, -1.731409242973901e+16, -1.731409242973901e+16, -1.731409242973901e+16;

 2.157848554001446e+22, 1.08346653655082e+22, 1.832324113770513e+22, 2.3335922779784e+22, 1.558550956149405e+22, 1.066722027539567e+22, 4.895673929448802e+21, 4.604094942823496e+21, 4.551230323942273e+21, 1.94595569135454e+22, 1.97851706962788e+22, 8.188410146456928e+21, 8.627037501401349e+21, 5.542101609114107e+21, 8.679459954991997e+21, 6.229578691715407e+21, 4.397614649163761e+21, 4.397614649163761e+21, 4.397614649163761e+21, 4.397614649163761e+21, 4.397614649163761e+21, 4.397614649163761e+21, 4.397614649163761e+21, 4.397614649163761e+21, 4.397614649163761e+21, 4.397614649163761e+21, 4.397614649163761e+21, 4.397614649163761e+21, 4.397614649163761e+21, 4.397614649163761e+21, 4.397614649163761e+21, 4.397614649163761e+21]

main: 
[-195547.8449492519, 1705930150278556, 7.939479058707642e+16, 2.433721337072881e+16, 2.002439617685444e+16, 183124958472414.1, 1560480008223840, 8.304728224195951e+17, 3.983949166851791e+17, 3.542770339946283e+16, 6908687942275861, 3812640709877.674, 3073199975741885, 2.67266161490095e+17, 2.511793444786288e+17, 2106693552994156, 0, 0, 0, 0, 0, 0, 0, 0, 0, 0, 0, 0, 0, 0, 0, 0;

 -4.229579888681903e+16, -3.036134699225578e+19, -5.536906428902915e+18, 202681.5953283134, 1819574985365894, -1.683495028229352e+19, -3.204679925088301e+17, -3313070689838875, -372811955764394.1, 4.461480631994852e+16, 1.753554294559783e+20, 1.236556956293921e+16, 1.188186284110963e+20, -3.288492851508939e+19, -1.009250178484017e+20, -1.078773090347102e+20, 0, 0, 0, 0, 0, 0, 0, 0, 0, 0, 0, 0, 0, 0, 0, 0;

 2.054160727308424e+22, 1.048621981290903e+22, 2.159063973798182e+22, 2.465143016724558e+22, 1.287329875244383e+22, 9.827775532892573e+21, 4.180385478487466e+20, 3.930250109366456e+19, 1.137928927091877e+20, 1.565876611657252e+22, 2.528555620351816e+21, 4.033780213598842e+21, 3.187954663179898e+21, 2.231903211699248e+21, 9.242040660459298e+21, 3.298563069170059e+21, 0, 0, 0, 0, 0, 0, 0, 0, 0, 0, 0, 0, 0, 0, 0, 0]
